% controller gains as C{i}.Kp, .Ki, .Kd



options.controllers.C{1}.Kp = 1.00184216792805;
options.controllers.C{1}.Ki = 0.0715029518361115;
options.controllers.C{1}.Kd = -0.0337374499215529;
options.controllers.C{1}.N=25.8481850830944;

options.controllers.C{2}.Kp = 3;%20.8521889762703;
options.controllers.C{2}.Ki = 1;%19.9734819620964;
options.controllers.C{2}.Kd = 0.820834909861585;
options.controllers.C{2}.N=18.1644836383948;

options.controllers.C{3}.Kp = 6.72200601587379;
options.controllers.C{3}.Ki = 2.26506770923699;
options.controllers.C{3}.Kd = -1.4447806890366;
options.controllers.C{3}.N=4.53935325696756;
